114228004
113109877
51412823
30045631
20048545
42363366
104327352
304974574
58572668
241336583
377373861
113064827
173318033
123861973
142339851
248298745
92855710
183579393
249541368
199453778
294794776
202848884
299676732
132629749
247318265
193700350
312857605
289014620
272390698
160298585
295416193
249392409
15202211
66264961
202116982
190728366
112958583
155025984
243272977
288793218
106029788
193846208
171807535
334177172
329403261
88971466
14842999
135725252
70887272
1378245
125827155
145230961
385054800
256313851
92557143
65199759
296329985
300592348
341901661
281233113
9993322
170896366
256854212
104324611
82017454
84501699
289679018
69731265
70795294
172764525