74060753
159066586
101119340
250512517
183083045
246319397
198390664
178567808
153013787
287767691
303175068
151375439
397070641
87646463
291013245
76047048
197332993
90656345
182879777
117681756
86693434
68383417
150827092
187749616
342030198
261322760
176505479
61727073
37469391
226342298
75838241
101420478
318906631
361455829
22801569
70808889
223831951
1188993
330704355
384150992
318828889
42991413
243737852
245940517
126847999
44699123
253162143
157407203
159734854
67620700
109731479
78211731
330635757
169580938
225873575
348452654
93196153
339295900
309372234
322061509
389072828
205708214
326027223
317056965
339153670
220703917
56278508
148169263
37814701
385371194
385205746