141171920
389260057
98636063
127949208
237384642
295985627
123693454
152528009
204200721
334317356
234991433
389340995
97937780
162198768
219675743
57729592
234976429
205115054
34720304
278381324
193352578
129687266
183606577
175588857
128094181
398587093
131641266
368843370
210816955
385296175
306685049
124710745
210441928
336894532
341731943
329511948
24706129
94463049
189625958
384267283
384255879
107524426
84967734
179557307
167481641
229594046
94291698
96887445
107980879
79152977
310223574
371242675
9885365
216082966
218948191
173336574
41518009
170975698
329066264
263585455
397327440
163216243
187577486
59587534
291855737
292519346
284034673
154318979
308444077
330137704
154209720
99710150