291013245
339153670
254265651
152128851
322152721
250512517
385371194
50966625
148169263
68383417
201321377
253162143
330635757
366109300
271448826
151375439
178567808
222915771
37814701
318906631
128309146
384150992
93196153
197332993
303170872
272355768
362165982
130699962
128724889
67620700
303175068
153013787
164862622
62287434
318828889
78211731
96640746
198390664
246319397
243737852
38150512
22801569
159066586
218664827
361455829
117681756
150827092
225873575
134025701
106704192
335255094
385205746
85700972
37469391
223831951
126847999
303738
348452654
176505479
190216978
312107529
245940517
87646463
90656345
146944954
157407203
1188993