88368167
192528853
330173898
98781182
199572248
5210371
168725595
188108875
22431222
203036500
97054242
4150006
361910427
201891994
332601595
257233855
186930606
139521006
28273025
84184766
171372960
264401486
323990524
48571679
140154951
293599779
106534673
146157001
311341986
366054468
294264227
163145208
17451134
320913364
124169053
367240275
312056872
315833952
306056216
251225532
244168505
239590489
254985642
23787917
118537624
81180388
201670885
115780915
324218966
62870929
319261834
251566846
222439778
249643607
365814431
226902920
169083880
314766704
315722738
271836240
197826293
314536244
189973838