109772769
127907618
384480856
201733625
232764211
160374082
225735925
182209163
35247935
35281400
263183514
23073377
116228879
392045196
202162416
43997330
193135504
39065250
24728032
119433186
176940610
109410201
366267541
390104810
94273631
31390926
156177386
231129859
163288085
340920877
283670437
275077565
215916316
80121777
79699069
115618775
162503527
31675568
329646261
112982407
314852249
372082488
113938094
123220536
180308801
209048369
175432683
43171133
261866227
103942839
85564865
240977701
159537986
276628280
68890460
251284120
244679094
182281871
234042918
18334652
256194650
279239185
158601341
344543103
169464216
319817067
315863782
154342073
295072227
57881098
65064001